{
 "cells": [
  {
   "cell_type": "code",
   "execution_count": 1,
   "id": "f16d9775-dc9f-4d2d-a2a4-ce080fd22387",
   "metadata": {},
   "outputs": [],
   "source": [
    "import numpy as np\n",
    "from astropy.coordinates import SkyCoord, HeliocentricTrueEcliptic, ITRS, EarthLocation\n",
    "import torch as tn\n",
    "from time import sleep\n",
    "from datetime import datetime, timezone"
   ]
  },
  {
   "cell_type": "code",
   "execution_count": 2,
   "id": "2f8066ce-e093-48a6-bb81-9943fbbd2c54",
   "metadata": {},
   "outputs": [],
   "source": [
    "CL = tn.tensor([\n",
    "    [0, 0, 0, 0],\n",
    "    [0, 1e-5, 0, 0],\n",
    "    [0, 0, 1e-5, 0],\n",
    "    [0, 0, 0, 2e-5]\n",
    "], dtype=tn.float32)\n",
    "\n",
    "CR = tn.tensor([\n",
    "    [0, 0, 0, 0],\n",
    "    [0, 0, 0, 0],\n",
    "    [0, 0, 0, 0],\n",
    "    [0, 0, 0, 0]\n",
    "], dtype=tn.float32)\n",
    "\n",
    "p1 = 1 / np.sqrt(2) * tn.tensor([1,0, 1,1], dtype=tn.float32)\n",
    "\n",
    "p2 = 1 / np.sqrt(2) * tn.tensor([1,1, 0,-1], dtype=tn.float32)"
   ]
  },
  {
   "cell_type": "code",
   "execution_count": 3,
   "id": "1efc903e-8a52-499e-ba6a-ee33d415490f",
   "metadata": {},
   "outputs": [],
   "source": [
    "\n",
    "tn.set_printoptions(precision=10, sci_mode=False)\n",
    "\n",
    "\n",
    "# Define the location of CMS in terms of longitude, latitude and azimuth\n",
    "\n",
    "azimuth = 1.7677    \n",
    "latitude = 0.8082  \n",
    "longitude = 0.1061   \n",
    "\n",
    "# Define the Earth's angular velocity (rad/s)\n",
    "omega_utc = 7.27221e-5     # Earth's angular velocity in rad/s at UTC.\n",
    "\n",
    "\n",
    "# omega_t = omega_utc*time + 3.2830    #omeag*t = omega_UTC * t_CMS +phi_UNIX +phi_longit\n",
    "\n",
    "# Rotation matrices to go from ITRS to CMS frame\n",
    "\n",
    "# rotation around the z-axis which makes the x-axis normal to the plane of the LHC.\n",
    "\n",
    "R_z = tn.tensor([\n",
    "        [1,0,0,0],\n",
    "        [0,0,-1,0],\n",
    "        [0,1,0,0],\n",
    "        [0,0,0,1]\n",
    "    ], dtype=tn.float32)\n",
    "\n",
    "\n",
    "# To orient the z-axis towards the North. We rotate counterclockwise around the x′ axis with an angle π −θ (co-azimuth).\n",
    "def R_x(angle):\n",
    "    return tn.tensor([\n",
    "        [1, 0, 0, 0],\n",
    "        [0, 1, 0, 0],\n",
    "        [0, 0, - np.cos(angle), np.sin(angle)],\n",
    "        [0, 0, - np.sin(angle), - np.cos(angle)]\n",
    "    ], dtype=tn.float32)\n",
    "\n",
    "\n",
    "# Rotation around the y axis to align the z-axis with the Z-axis of the SCF.\n",
    "def R_y(angle):\n",
    "    return tn.tensor([\n",
    "        [1, 0, 0, 0],\n",
    "        [0, np.cos(angle), 0, np.sin(angle)],\n",
    "        [0, 0, 1, 0],\n",
    "        [0, -np.sin(angle), 0, np.cos(angle)]\n",
    "    ], dtype=tn.float32)\n",
    "\n",
    "\n",
    "# A final rotation around the Z-axis has two purposes: to follow the rotation of the Earth over time and to synchronize with the SCF:\n",
    "def R_Z(angle):\n",
    "    return tn.tensor([\n",
    "        [1, 0 , 0, 0],\n",
    "        [0, np.cos(angle), -np.sin(angle), 0],\n",
    "        [0, np.sin(angle), np.cos(angle), 0],\n",
    "        [0, 0, 0, 1]\n",
    "    ], dtype=tn.float32)\n"
   ]
  },
  {
   "cell_type": "markdown",
   "id": "8cc9b7ac-bf4b-4197-a983-99ac585b58da",
   "metadata": {},
   "source": [
    "## test"
   ]
  },
  {
   "cell_type": "code",
   "execution_count": 5,
   "id": "84ba63ee-f503-499f-a724-af1b7356a976",
   "metadata": {},
   "outputs": [
    {
     "name": "stdout",
     "output_type": "stream",
     "text": [
      "tensor([[ 1.0000000000,  0.0000000000,  0.0000000000,  0.0000000000],\n",
      "        [ 0.0000000000, -0.9863933921,  0.0837820172,  0.1414520144],\n",
      "        [ 0.0000000000,  0.1280711442, -0.1478863060,  0.9806770086],\n",
      "        [ 0.0000000000,  0.1030819416,  0.9854492545,  0.1351440251]])\n",
      "tensor(    -0.0000045837)\n",
      "\n",
      "tensor([[ 1.0000000000,  0.0000000000,  0.0000000000,  0.0000000000],\n",
      "        [ 0.0000000000, -0.9863690138,  0.0840691626,  0.1414520144],\n",
      "        [ 0.0000000000,  0.1280280799, -0.1479235888,  0.9806770086],\n",
      "        [ 0.0000000000,  0.1033688188,  0.9854192734,  0.1351440251]])\n",
      "tensor(    -0.0000045810)\n",
      "\n",
      "tensor([[ 1.0000000000,  0.0000000000,  0.0000000000,  0.0000000000],\n",
      "        [ 0.0000000000, -0.9863444567,  0.0843564570,  0.1414520144],\n",
      "        [ 0.0000000000,  0.1279849857, -0.1479608715,  0.9806770086],\n",
      "        [ 0.0000000000,  0.1036558151,  0.9853889942,  0.1351440251]])\n",
      "tensor(    -0.0000045783)\n",
      "\n",
      "tensor([[ 1.0000000000,  0.0000000000,  0.0000000000,  0.0000000000],\n",
      "        [ 0.0000000000, -0.9863198400,  0.0846437514,  0.1414520144],\n",
      "        [ 0.0000000000,  0.1279418916, -0.1479981393,  0.9806770086],\n",
      "        [ 0.0000000000,  0.1039427817,  0.9853587747,  0.1351440251]])\n",
      "tensor(    -0.0000045757)\n",
      "\n",
      "tensor([[ 1.0000000000,  0.0000000000,  0.0000000000,  0.0000000000],\n",
      "        [ 0.0000000000, -0.9862951040,  0.0849310458,  0.1414520144],\n",
      "        [ 0.0000000000,  0.1278987825, -0.1480354071,  0.9806770086],\n",
      "        [ 0.0000000000,  0.1042298079,  0.9853285551,  0.1351440251]])\n",
      "tensor(    -0.0000045730)\n",
      "\n",
      "tensor([[ 1.0000000000,  0.0000000000,  0.0000000000,  0.0000000000],\n",
      "        [ 0.0000000000, -0.9862703681,  0.0852182508,  0.1414520144],\n",
      "        [ 0.0000000000,  0.1278556585, -0.1480726451,  0.9806770086],\n",
      "        [ 0.0000000000,  0.1045168340,  0.9852980971,  0.1351440251]])\n",
      "tensor(    -0.0000045704)\n",
      "\n",
      "tensor([[ 1.0000000000,  0.0000000000,  0.0000000000,  0.0000000000],\n",
      "        [ 0.0000000000, -0.9862455130,  0.0855054557,  0.1414520144],\n",
      "        [ 0.0000000000,  0.1278125346, -0.1481098682,  0.9806770086],\n",
      "        [ 0.0000000000,  0.1048036516,  0.9852676392,  0.1351440251]])\n",
      "tensor(    -0.0000045677)\n",
      "\n",
      "tensor([[ 1.0000000000,  0.0000000000,  0.0000000000,  0.0000000000],\n",
      "        [ 0.0000000000, -0.9862205386,  0.0857925713,  0.1414520144],\n",
      "        [ 0.0000000000,  0.1277694255, -0.1481470615,  0.9806770086],\n",
      "        [ 0.0000000000,  0.1050904989,  0.9852371216,  0.1351440251]])\n",
      "tensor(    -0.0000045651)\n",
      "\n",
      "tensor([[ 1.0000000000,  0.0000000000,  0.0000000000,  0.0000000000],\n",
      "        [ 0.0000000000, -0.9861955643,  0.0860797763,  0.1414520144],\n",
      "        [ 0.0000000000,  0.1277262568, -0.1481842697,  0.9806770086],\n",
      "        [ 0.0000000000,  0.1053774357,  0.9852064848,  0.1351440251]])\n",
      "tensor(    -0.0000045624)\n",
      "\n",
      "tensor([[ 1.0000000000,  0.0000000000,  0.0000000000,  0.0000000000],\n",
      "        [ 0.0000000000, -0.9861704111,  0.0863670409,  0.1414520144],\n",
      "        [ 0.0000000000,  0.1276830882, -0.1482214779,  0.9806770086],\n",
      "        [ 0.0000000000,  0.1056644320,  0.9851757288,  0.1351440251]])\n",
      "tensor(    -0.0000045598)\n",
      "\n",
      "tensor([[ 1.0000000000,  0.0000000000,  0.0000000000,  0.0000000000],\n",
      "        [ 0.0000000000, -0.9861452579,  0.0866542161,  0.1414520144],\n",
      "        [ 0.0000000000,  0.1276399195, -0.1482586414,  0.9806770086],\n",
      "        [ 0.0000000000,  0.1059513092,  0.9851448536,  0.1351440251]])\n",
      "tensor(    -0.0000045571)\n",
      "\n",
      "tensor([[ 1.0000000000,  0.0000000000,  0.0000000000,  0.0000000000],\n",
      "        [ 0.0000000000, -0.9861199260,  0.0869413912,  0.1414520144],\n",
      "        [ 0.0000000000,  0.1275967509, -0.1482958049,  0.9806770086],\n",
      "        [ 0.0000000000,  0.1062381566,  0.9851139784,  0.1351440251]])\n",
      "tensor(    -0.0000045545)\n",
      "\n",
      "tensor([[ 1.0000000000,  0.0000000000,  0.0000000000,  0.0000000000],\n",
      "        [ 0.0000000000, -0.9860945940,  0.0872285068,  0.1414520144],\n",
      "        [ 0.0000000000,  0.1275535673, -0.1483329684,  0.9806770086],\n",
      "        [ 0.0000000000,  0.1065250039,  0.9850830436,  0.1351440251]])\n",
      "tensor(    -0.0000045518)\n",
      "\n",
      "tensor([[ 1.0000000000,  0.0000000000,  0.0000000000,  0.0000000000],\n",
      "        [ 0.0000000000, -0.9860691428,  0.0875156522,  0.1414520144],\n",
      "        [ 0.0000000000,  0.1275103688, -0.1483700871,  0.9806770086],\n",
      "        [ 0.0000000000,  0.1068118215,  0.9850519300,  0.1351440251]])\n",
      "tensor(    -0.0000045492)\n",
      "\n",
      "tensor([[ 1.0000000000,  0.0000000000,  0.0000000000,  0.0000000000],\n",
      "        [ 0.0000000000, -0.9860436320,  0.0878027380,  0.1414520144],\n",
      "        [ 0.0000000000,  0.1274671555, -0.1484072208,  0.9806770086],\n",
      "        [ 0.0000000000,  0.1070986390,  0.9850208759,  0.1351440251]])\n",
      "tensor(    -0.0000045465)\n",
      "\n"
     ]
    }
   ],
   "source": [
    "# Define the time duration (60 seconds)\n",
    "duration = 60\n",
    "end_time = datetime.now(timezone.utc).timestamp() + duration\n",
    "\n",
    "while datetime.now(timezone.utc).timestamp() < end_time:\n",
    "    # current time in UTC (CMS)\n",
    "    current_time = datetime.now(timezone.utc)\n",
    "    time_utc = current_time.timestamp()\n",
    "    \n",
    "    # Calculate omega_t\n",
    "    omega_t = omega_utc * time_utc + 3.2830  # omega*t = omega_UTC * t_CMS + phi_UNIX + phi_longit\n",
    "\n",
    "    # Construct the complete rotation matrix from SCF to CMS\n",
    "    R_matrix = R_y(latitude) @ R_x(azimuth) @ R_z @ R_Z(omega_t)\n",
    "    contr = tn.matmul(CL, R_matrix)\n",
    "    result = tn.dot(p1, tn.mv(contr, p2))\n",
    "\n",
    "    # Print the rotation matrix and flush the output\n",
    "    print(R_matrix)\n",
    "    print(result)\n",
    "    print(flush=True)\n",
    "    \n",
    "    # Wait for 4 seconds\n",
    "    sleep(4)"
   ]
  },
  {
   "cell_type": "code",
   "execution_count": null,
   "id": "1fe40b6a-f636-4330-a0ac-db3e0625bd6e",
   "metadata": {},
   "outputs": [],
   "source": []
  }
 ],
 "metadata": {
  "kernelspec": {
   "display_name": "Python 3 (ipykernel)",
   "language": "python",
   "name": "python3"
  },
  "language_info": {
   "codemirror_mode": {
    "name": "ipython",
    "version": 3
   },
   "file_extension": ".py",
   "mimetype": "text/x-python",
   "name": "python",
   "nbconvert_exporter": "python",
   "pygments_lexer": "ipython3",
   "version": "3.12.2"
  }
 },
 "nbformat": 4,
 "nbformat_minor": 5
}
